,Name,Age,Marks,Attendance,Attendence
0,Aman,20,85.0,90,90
1,Riya,21,90.0,95,95
2,Kunal,19,78.0,80,80
3,Sneha,22,88.0,85,85
4,Rahul,20,70.01333333333334,70,70
5,Ankit,19,65.0,60,60
6,Neha,22,75.0,82,82
7,Aman,20,85.0,90,90
8,Vikas,23,55.0,50,50
9,Simran,21,70.01333333333334,88,88
10,Rohit,20,40.0,45,45
11,Pooja,22,68.0,75,75
12,Arjun,19,30.0,40,40
13,Meena,21,81.0,89,89
14,Sahil,20,72.0,78,78
15,Nisha,22,86.0,92,92
16,Yash,19,58.0,65,65
17,Tanya,21,91.0,96,96
18,Karan,20,66.0,70,70
19,Isha,22,79.0,85,85
20,Manav,19,34.0,42,42
21,Rohini,21,88.0,90,90
22,Deepak,23,52.0,55,55
23,Kriti,20,95.0,98,98
24,Mohit,21,70.01333333333334,68,68
25,Sonal,22,73.0,80,80
26,Harsh,19,61.0,67,67
27,Divya,21,84.0,88,88
28,Nitin,20,47.0,50,50
29,Alok,22,76.0,82,82
30,Payal,19,69.0,75,75
31,Varun,21,82.0,86,86
32,Ritu,20,90.0,94,94
33,Aakash,23,38.0,44,44
34,Bhavna,21,87.0,91,91
35,Chetan,20,59.0,63,63
36,Diksha,22,70.01333333333334,79,79
37,Eshan,19,71.0,77,77
38,Farhan,21,64.0,70,70
39,Gauri,20,85.0,89,89
40,Himanshu,22,56.0,60,60
41,Irfan,19,48.0,52,52
42,Juhi,21,92.0,97,97
43,Kunal,20,78.0,83,83
44,Lavanya,22,80.0,86,86
45,Mayank,19,33.0,40,40
46,Neelam,21,74.0,81,81
47,Omkar,20,70.01333333333334,66,66
48,Prachi,22,89.0,93,93
49,Qadir,19,62.0,68,68
50,Rohit,21,45.0,50,50
51,Shreya,20,91.0,95,95
52,Tarun,22,67.0,72,72
53,Ujjwal,19,53.0,58,58
54,Vandana,21,83.0,88,88
55,Wasim,20,49.0,54,54
56,Xavier,22,77.0,82,82
57,Yamini,19,88.0,90,90
58,Zubin,21,60.0,65,65
59,Aarti,20,72.0,78,78
60,Bharat,22,70.01333333333334,84,84
61,Chirag,19,66.0,70,70
62,Damini,21,81.0,87,87
63,Eklavya,20,58.0,62,62
64,Falguni,22,94.0,98,98
65,Gopal,19,41.0,46,46
66,Hiral,21,75.0,80,80
67,Ishan,20,86.0,90,90
68,Jatin,22,63.0,69,69
69,Kavya,19,70.01333333333334,55,55
70,Laksh,21,79.0,85,85
71,Madhav,20,52.0,57,57
72,Nupur,22,90.0,94,94
73,Ojas,19,68.0,74,74
74,Parth,21,84.0,88,88
75,Ramesh,23,35.0,42,42
76,Sanya,20,92.0,96,96
77,Tejas,22,71.0,76,76
78,Utkarsh,19,59.0,64,64
79,Vaishali,21,87.0,91,91
80,Yuvraj,20,44.0,48,48
81,Zoya,22,82.0,86,86
